56
18,56,197
23,121,179
24,83,159
26,198,214
27,126,144
58,149,164
61,139,188
64,128,231
65,67,205
91,94,223
94,114,237
94,145,234
150,192,194
158,175,295
255,271,296
208,375,383,447
222,227,325,582
234,413,485,505
242,434,440,476
259,299,409,558
272,300,546,593
293,460,528,587
303,395,500,542
338,382,501,564
437,456,501,572
1627,1655,2112,2196
6002,6003,6006,6007
513,521,1160,1226,1245
551,569,575,708,748
614,675,699,755,777
628,757,826,1077,1143
652,961,993,1129,1190
745,799,835,1066,1124
877,903,996,1041,1054
1010,1067,1129,1162,1163
1005,1359,1375,1436,1594,2246
1050,1181,1661,1966,1999,2287
1115,1466,1889,2043,2276,2393
1131,1627,1630,1780,2112,2196
1192,1755,2027,2061,2142,2171
1195,1574,1697,1931,2099,2354
1359,1627,1655,1763,2112,2391
1436,1710,2052,2113,2165,2250
1609,1703,1707,1776,1782,2414
6001,6002,6003,6005,6006,6007
6002,6003,6004,6006,6007,6008
2311,2824,3610,3871,3926,4463,4892
2315,2418,3024,3789,4685,4836,4996
2323,2515,3059,3902,3967,4589,4785
2375,2504,2619,2803,3275,4258,4338
2395,2541,2633,3847,4426,4898,4954
2563,3196,3586,3635,3761,4098,4407
2651,3004,3055,3367,3516,4210,4699
2666,2934,3453,3490,3708,4281,4459
2921,2990,3488,3541,3574,3742,4147
3454,3480,3930,4075,4589,4671,4924
